    -9.80000      0.00000
    -9.40000      0.00000
    -9.00000      0.00000
    -8.60000      0.00000
    -8.20000      0.00000
    -7.80000      0.00000
    -7.40000      0.00000
    -7.00000      0.05000
    -6.60000      0.35000
    -6.20000      0.50000
    -5.80000      1.30000
    -5.40000      1.65000
    -5.00000      2.55000
    -4.60000      3.20000
    -4.20000      3.80000
    -3.80000      4.85000
    -3.40000      4.80000
    -3.00000      5.75000
    -2.60000      5.25000
    -2.20000      5.00000
    -1.80000      4.10000
    -1.40000      4.35000
    -1.00000      3.00000
    -0.60000      2.50000
    -0.20000      2.45000
     0.20000      2.40000
     0.60000      2.00000
     1.00000      3.05000
     1.40000      1.90000
     1.80000      2.55000
     2.20000      2.50000
     2.60000      2.00000
     3.00000      1.35000
     3.40000      0.80000
     3.80000      0.95000
     4.20000      0.55000
     4.60000      0.15000
     5.00000      0.15000
     5.40000      0.15000
     5.80000      0.05000
     6.20000      0.00000
     6.60000      0.00000
     7.00000      0.00000
     7.40000      0.00000
     7.80000      0.00000
     8.20000      0.00000
     8.60000      0.00000
     9.00000      0.00000
     9.40000      0.00000
     9.80000      0.00000
 after hadron evolution
    -9.80000      0.00000
    -9.40000      0.00000
    -9.00000      0.00000
    -8.60000      0.00000
    -8.20000      0.00000
    -7.80000      0.05000
    -7.40000      0.05000
    -7.00000      0.00000
    -6.60000      0.10000
    -6.20000      0.60000
    -5.80000      1.00000
    -5.40000      1.95000
    -5.00000      3.65000
    -4.60000      4.30000
    -4.20000      6.35000
    -3.80000      7.75000
    -3.40000      8.30000
    -3.00000      8.90000
    -2.60000      8.90000
    -2.20000      8.80000
    -1.80000      8.30000
    -1.40000      7.70000
    -1.00000      6.40000
    -0.60000      5.95000
    -0.20000      6.30000
     0.20000      5.10000
     0.60000      4.30000
     1.00000      5.45000
     1.40000      4.65000
     1.80000      4.55000
     2.20000      3.30000
     2.60000      3.05000
     3.00000      2.00000
     3.40000      1.20000
     3.80000      0.85000
     4.20000      0.70000
     4.60000      0.30000
     5.00000      0.20000
     5.40000      0.10000
     5.80000      0.00000
     6.20000      0.00000
     6.60000      0.00000
     7.00000      0.00000
     7.40000      0.00000
     7.80000      0.00000
     8.20000      0.00000
     8.60000      0.00000
     9.00000      0.00000
     9.40000      0.00000
     9.80000      0.00000
