    -9.80000      0.00000
    -9.40000      0.00000
    -9.00000      0.00000
    -8.60000      0.00000
    -8.20000      0.00000
    -7.80000      0.00000
    -7.40000      0.00000
    -7.00000      0.00000
    -6.60000      0.00000
    -6.20000      0.00000
    -5.80000      0.00000
    -5.40000      0.35000
    -5.00000      1.55000
    -4.60000      3.50000
    -4.20000      4.65000
    -3.80000      4.70000
    -3.40000      3.30000
    -3.00000      1.80000
    -2.60000      1.20000
    -2.20000      0.35000
    -1.80000      0.95000
    -1.40000      0.65000
    -1.00000      1.15000
    -0.60000      0.10000
    -0.20000     -0.05000
     0.20000     -0.10000
     0.60000      0.50000
     1.00000     -0.10000
     1.40000      0.20000
     1.80000      0.30000
     2.20000      0.00000
     2.60000      0.35000
     3.00000      0.40000
     3.40000      0.45000
     3.80000      0.30000
     4.20000      0.20000
     4.60000      0.00000
     5.00000      0.00000
     5.40000      0.00000
     5.80000      0.00000
     6.20000      0.00000
     6.60000      0.00000
     7.00000      0.00000
     7.40000      0.00000
     7.80000      0.00000
     8.20000      0.00000
     8.60000      0.00000
     9.00000      0.00000
     9.40000      0.00000
     9.80000      0.00000
 after hadron evolution
    -9.80000      0.00000
    -9.40000      0.00000
    -9.00000      0.00000
    -8.60000      0.00000
    -8.20000      0.00000
    -7.80000      0.00000
    -7.40000      0.00000
    -7.00000      0.00000
    -6.60000      0.00000
    -6.20000      0.00000
    -5.80000      0.00000
    -5.40000      0.30000
    -5.00000      1.65000
    -4.60000      3.35000
    -4.20000      5.00000
    -3.80000      4.05000
    -3.40000      3.80000
    -3.00000      1.35000
    -2.60000      1.70000
    -2.20000      0.05000
    -1.80000      1.25000
    -1.40000      0.60000
    -1.00000      0.90000
    -0.60000     -0.05000
    -0.20000      0.15000
     0.20000     -0.10000
     0.60000      0.50000
     1.00000      0.00000
     1.40000     -0.10000
     1.80000      0.30000
     2.20000      0.10000
     2.60000      0.35000
     3.00000      0.40000
     3.40000      0.45000
     3.80000      0.30000
     4.20000      0.20000
     4.60000      0.00000
     5.00000      0.00000
     5.40000      0.00000
     5.80000      0.00000
     6.20000      0.00000
     6.60000      0.00000
     7.00000      0.00000
     7.40000      0.00000
     7.80000      0.00000
     8.20000      0.00000
     8.60000      0.00000
     9.00000      0.00000
     9.40000      0.00000
     9.80000      0.00000
