    -9.80000      0.00000
    -9.40000      0.00000
    -9.00000      0.00000
    -8.60000      0.00000
    -8.20000      0.00000
    -7.80000      0.00000
    -7.40000      0.00000
    -7.00000      0.00000
    -6.60000      0.00000
    -6.20000      0.10000
    -5.80000      0.20000
    -5.40000      0.45000
    -5.00000      0.75000
    -4.60000      1.00000
    -4.20000      1.25000
    -3.80000      1.35000
    -3.40000      2.20000
    -3.00000      2.20000
    -2.60000      2.95000
    -2.20000      1.90000
    -1.80000      2.85000
    -1.40000      2.55000
    -1.00000      2.40000
    -0.60000      1.75000
    -0.20000      1.35000
     0.20000      1.15000
     0.60000      1.25000
     1.00000      1.70000
     1.40000      0.90000
     1.80000      1.30000
     2.20000      1.15000
     2.60000      0.70000
     3.00000      0.60000
     3.40000      0.35000
     3.80000      0.25000
     4.20000      0.15000
     4.60000      0.05000
     5.00000      0.00000
     5.40000      0.00000
     5.80000      0.00000
     6.20000      0.00000
     6.60000      0.00000
     7.00000      0.00000
     7.40000      0.00000
     7.80000      0.00000
     8.20000      0.00000
     8.60000      0.00000
     9.00000      0.00000
     9.40000      0.00000
     9.80000      0.00000
 after hadron evolution
    -9.80000      0.00000
    -9.40000      0.00000
    -9.00000      0.00000
    -8.60000      0.00000
    -8.20000      0.00000
    -7.80000      0.00000
    -7.40000      0.00000
    -7.00000      0.00000
    -6.60000      0.00000
    -6.20000      0.15000
    -5.80000      0.45000
    -5.40000      1.00000
    -5.00000      2.25000
    -4.60000      3.20000
    -4.20000      4.25000
    -3.80000      5.70000
    -3.40000      6.80000
    -3.00000      7.60000
    -2.60000      8.30000
    -2.20000      7.25000
    -1.80000      8.30000
    -1.40000      6.95000
    -1.00000      6.80000
    -0.60000      6.20000
    -0.20000      6.45000
     0.20000      4.85000
     0.60000      4.50000
     1.00000      5.10000
     1.40000      4.10000
     1.80000      3.75000
     2.20000      2.65000
     2.60000      2.15000
     3.00000      1.25000
     3.40000      1.00000
     3.80000      0.35000
     4.20000      0.40000
     4.60000      0.20000
     5.00000      0.10000
     5.40000      0.00000
     5.80000      0.00000
     6.20000      0.00000
     6.60000      0.00000
     7.00000      0.00000
     7.40000      0.00000
     7.80000      0.00000
     8.20000      0.00000
     8.60000      0.00000
     9.00000      0.00000
     9.40000      0.00000
     9.80000      0.00000
