    -9.80000      0.00000
    -9.40000      0.00000
    -9.00000      0.00000
    -8.60000      0.00000
    -8.20000      0.00000
    -7.80000      0.00000
    -7.40000      0.00000
    -7.00000      0.00000
    -6.60000      0.00000
    -6.20000      0.10000
    -5.80000      0.40000
    -5.40000      0.60000
    -5.00000      0.75000
    -4.60000      1.20000
    -4.20000      1.55000
    -3.80000      1.65000
    -3.40000      2.10000
    -3.00000      2.45000
    -2.60000      2.40000
    -2.20000      2.35000
    -1.80000      2.05000
    -1.40000      1.95000
    -1.00000      2.50000
    -0.60000      1.70000
    -0.20000      2.25000
     0.20000      1.25000
     0.60000      1.30000
     1.00000      1.25000
     1.40000      1.25000
     1.80000      1.05000
     2.20000      0.80000
     2.60000      0.90000
     3.00000      0.55000
     3.40000      0.30000
     3.80000      0.25000
     4.20000      0.20000
     4.60000      0.05000
     5.00000      0.00000
     5.40000      0.00000
     5.80000      0.00000
     6.20000      0.00000
     6.60000      0.00000
     7.00000      0.00000
     7.40000      0.00000
     7.80000      0.00000
     8.20000      0.00000
     8.60000      0.00000
     9.00000      0.00000
     9.40000      0.00000
     9.80000      0.00000
 after hadron evolution
    -9.80000      0.00000
    -9.40000      0.00000
    -9.00000      0.00000
    -8.60000      0.00000
    -8.20000      0.00000
    -7.80000      0.00000
    -7.40000      0.00000
    -7.00000      0.00000
    -6.60000      0.00000
    -6.20000      0.15000
    -5.80000      0.80000
    -5.40000      1.00000
    -5.00000      1.95000
    -4.60000      2.75000
    -4.20000      5.00000
    -3.80000      5.35000
    -3.40000      6.90000
    -3.00000      8.05000
    -2.60000      7.45000
    -2.20000      7.50000
    -1.80000      6.90000
    -1.40000      6.35000
    -1.00000      6.60000
    -0.60000      6.25000
    -0.20000      6.90000
     0.20000      5.20000
     0.60000      4.90000
     1.00000      4.65000
     1.40000      3.95000
     1.80000      3.00000
     2.20000      2.65000
     2.60000      2.10000
     3.00000      1.30000
     3.40000      1.45000
     3.80000      0.70000
     4.20000      0.45000
     4.60000      0.10000
     5.00000      0.10000
     5.40000      0.00000
     5.80000      0.00000
     6.20000      0.00000
     6.60000      0.00000
     7.00000      0.00000
     7.40000      0.00000
     7.80000      0.00000
     8.20000      0.00000
     8.60000      0.00000
     9.00000      0.00000
     9.40000      0.00000
     9.80000      0.00000
