    -9.80000      0.00000
    -9.40000      0.00000
    -9.00000      0.00000
    -8.60000      0.00000
    -8.20000      0.00000
    -7.80000      0.00000
    -7.40000      0.00000
    -7.00000      0.00000
    -6.60000      0.00000
    -6.20000      0.10000
    -5.80000      0.20000
    -5.40000      0.50000
    -5.00000      1.30000
    -4.60000      2.30000
    -4.20000      3.10000
    -3.80000      4.00000
    -3.40000      5.25000
    -3.00000      5.25000
    -2.60000      5.75000
    -2.20000      5.20000
    -1.80000      6.00000
    -1.40000      4.60000
    -1.00000      4.50000
    -0.60000      3.95000
    -0.20000      3.45000
     0.20000      3.60000
     0.60000      3.00000
     1.00000      3.15000
     1.40000      2.35000
     1.80000      2.60000
     2.20000      2.35000
     2.60000      1.45000
     3.00000      0.90000
     3.40000      0.50000
     3.80000      0.35000
     4.20000      0.20000
     4.60000      0.05000
     5.00000      0.05000
     5.40000      0.00000
     5.80000      0.00000
     6.20000      0.00000
     6.60000      0.00000
     7.00000      0.00000
     7.40000      0.00000
     7.80000      0.00000
     8.20000      0.00000
     8.60000      0.00000
     9.00000      0.00000
     9.40000      0.00000
     9.80000      0.00000
 after hadron evolution
    -9.80000      0.00000
    -9.40000      0.00000
    -9.00000      0.00000
    -8.60000      0.00000
    -8.20000      0.00000
    -7.80000      0.00000
    -7.40000      0.00000
    -7.00000      0.00000
    -6.60000      0.00000
    -6.20000      0.15000
    -5.80000      0.45000
    -5.40000      1.00000
    -5.00000      2.40000
    -4.60000      3.55000
    -4.20000      5.10000
    -3.80000      6.70000
    -3.40000      8.05000
    -3.00000      9.40000
    -2.60000      9.35000
    -2.20000      8.85000
    -1.80000      9.45000
    -1.40000      7.90000
    -1.00000      8.10000
    -0.60000      7.15000
    -0.20000      7.75000
     0.20000      6.25000
     0.60000      5.10000
     1.00000      5.95000
     1.40000      4.80000
     1.80000      4.50000
     2.20000      3.20000
     2.60000      2.40000
     3.00000      1.40000
     3.40000      1.00000
     3.80000      0.40000
     4.20000      0.45000
     4.60000      0.20000
     5.00000      0.10000
     5.40000      0.00000
     5.80000      0.00000
     6.20000      0.00000
     6.60000      0.00000
     7.00000      0.00000
     7.40000      0.00000
     7.80000      0.00000
     8.20000      0.00000
     8.60000      0.00000
     9.00000      0.00000
     9.40000      0.00000
     9.80000      0.00000
