    -9.80000      0.00000
    -9.40000      0.00000
    -9.00000      0.00000
    -8.60000      0.00000
    -8.20000      0.00000
    -7.80000      0.00000
    -7.40000      0.00000
    -7.00000      0.00000
    -6.60000      0.00000
    -6.20000      0.20000
    -5.80000      0.60000
    -5.40000      1.55000
    -5.00000      3.10000
    -4.60000      6.35000
    -4.20000      7.65000
    -3.80000      9.30000
    -3.40000     10.80000
    -3.00000     11.85000
    -2.60000     12.20000
    -2.20000     10.55000
    -1.80000     11.50000
    -1.40000      8.90000
    -1.00000      9.55000
    -0.60000      8.20000
    -0.20000      7.65000
     0.20000      6.95000
     0.60000      6.05000
     1.00000      6.35000
     1.40000      5.05000
     1.80000      5.30000
     2.20000      4.10000
     2.60000      3.25000
     3.00000      2.25000
     3.40000      1.70000
     3.80000      0.75000
     4.20000      0.60000
     4.60000      0.15000
     5.00000      0.05000
     5.40000      0.00000
     5.80000      0.00000
     6.20000      0.00000
     6.60000      0.00000
     7.00000      0.00000
     7.40000      0.00000
     7.80000      0.00000
     8.20000      0.00000
     8.60000      0.00000
     9.00000      0.00000
     9.40000      0.00000
     9.80000      0.00000
 after hadron evolution
    -9.80000      0.00000
    -9.40000      0.00000
    -9.00000      0.00000
    -8.60000      0.00000
    -8.20000      0.00000
    -7.80000      0.00000
    -7.40000      0.00000
    -7.00000      0.00000
    -6.60000      0.00000
    -6.20000      0.30000
    -5.80000      1.25000
    -5.40000      2.25000
    -5.00000      5.40000
    -4.60000      8.55000
    -4.20000     12.70000
    -3.80000     14.50000
    -3.40000     18.00000
    -3.00000     19.30000
    -2.60000     18.85000
    -2.20000     17.95000
    -1.80000     18.65000
    -1.40000     16.20000
    -1.00000     16.50000
    -0.60000     15.15000
    -0.20000     15.65000
     0.20000     12.85000
     0.60000     11.20000
     1.00000     11.20000
     1.40000      9.85000
     1.80000      8.20000
     2.20000      6.25000
     2.60000      5.10000
     3.00000      3.00000
     3.40000      3.05000
     3.80000      1.25000
     4.20000      1.05000
     4.60000      0.30000
     5.00000      0.20000
     5.40000      0.00000
     5.80000      0.00000
     6.20000      0.00000
     6.60000      0.00000
     7.00000      0.00000
     7.40000      0.00000
     7.80000      0.00000
     8.20000      0.00000
     8.60000      0.00000
     9.00000      0.00000
     9.40000      0.00000
     9.80000      0.00000
