0.138564
0.122874
0.289848
0.324334
0.361799
0.463923
0.0637108
0.125804
0.172072
0.441191
0.256925
0.180542
0.221935
0.193463
0.331261
0.484567
0.287895
0.142301
0.083677
0.0318681
0.274191
0.152698
0.332455
0.190583
0.315029
0.197412
0.170736
0.136202
0.179176
0.230633
0.115917
0.154169
0.100629
0.131787
0.162621
0.208073
0.246136
0.339808
0.369269
0.0812407
0.106449
0.18529
0.0107489
0.167427
0.293594
0.240928
0.0655904
0.117838
0.153522
0.354304
0.424406
0.219668
0.347052
0.0555264
0.556948
0.163615
0.408583
0.140618
0.0767324
0.24429
0.374838
0.283402
0.249351
0.0579698
0.0681881
0.241657
0.167912
0.245377
0.313161
0.209272
0.0789549
0.0937693
0.152043
0.446791
0.14865
0.128194
0.192957
0.211232
0.346045
0.151367
0.155386
0.358881
0.306778
0.263331
0.0190602
0.316838
0.456707
0.221455
0.548361
0.329391
0.346885
0.0240275
0.196891
0.0729257
0.126391
0.436003
0.187239
0.282357
0.323395
0.334355
0.202667
0.435279
0.333548
0.320696
0.468757
0.411109
0.143067
0.26889
0.052827
0.336644
0.0418395
0.0986888
0.303392
0.0995122
0.336363
0.25361
0.24006
0.217814
0.172398
0.385741
0.449103
0.208345
0.242682
0.388396
0.249134
0.17198
0.491767
0.420503
0.338636
0.24331
0.154866
0.075803
0.151379
0.103559
0.143321
0.432753
0.356658
0.0560301
0.077196
0.117436
0.128323
0.0569629
0.0985996
0.309687
0.199518
0.230531
0.0528306
0.0873305
0.339182
0.187241
0.0212848
0.209948
0.221243
0.136375
0.218739
0.162167
0.319636
0.374986
0.103116
0.367549
0.452326
0.264225
0.221345
0.134808
0.203907
0.159289
0.189373
0.41927
0.193064
0.369784
0.102733
0.273729
0.424287
0.123223
0.262836
0.0581313
0.326361
0.17602
0.150396
0.0869904
0.133222
0.0686945
0.0566255
0.147574
0.282764
0.334171
0.369958
0.437081
0.219537
0.29672
0.232358
0.193567
0.119232
0.286977
0.154674
0.540466
0.237536
0.227823
0.091867
0.0773398
0.497946
0.30279
0.374537
0.216842
0.219401
0.394028
0.343679
0.311665
0.118095
0.0519765
0.147328
0.204133
0.342195
0.177551
0.0555428
0.37634
0.308593
0.299057
0.406926
0.27816
0.0567863
0.129273
0.287636
0.0531653
0.37614
0.273302
0.0896377
0.405276
0.356585
0.149878
0.00515225
0.163763
0.12171
0.317533
0.015648
0.223623
0.499843
0.104547
0.358679
0.149062
0.241834
0.408656
0.0489878
0.242403
0.399121
0.274827
0.241857
0.22772
0.417737
0.279808
0.14198
0.366854
0.466004
0.249089
0.0522588
0.364132
0.16037
0.324267
0.269662
0.340904
0.281757
0.105416
0.110475
0.297566
0.429987
0.190672
0.438386
0.340803
0.388648
0.323278
0.271786
0.0445711
0.365065
0.169211
0.53788
0.222054
0.407458
0.10406
0.47733
0.38205
0.113815
0.131159
0.169852
0.160565
0.335858
0.165208
0.363141
0.174026
0.151029
0.206767
0.397676
0.124144
0.312329
0.136269
0.271791
0.145587
0.325223
0.156967
0.0613225
0.214291
