2.04155
1.4072
1.93346
2.05461
0.387111
1.57642
1.1378
1.82637
1.61509
1.95281
1.62187
1.94512
0.007893
0.155186
1.37042
1.18541
0.309493
0.529376
1.99136
0.449576
0.455575
0.525697
0.0130819
0.416965
0.94405
1.56344
0.976652
0.624869
1.06623
0.0147217
0.883816
1.0896
0.89012
1.33848
0.716645
0.456661
0.0950352
1.30271
1.25395
0.801644
1.973
0.28833
0.372624
0.972981
0.909609
1.8079
0.515108
1.95976
1.75057
1.52087
1.04935
0.492384
0.0906429
0.406703
0.896389
0.270469
1.39031
0.291417
1.62936
0.662416
2.07194
0.438941
1.73208
0.211274
1.25238
1.70929
1.31821
1.41585
1.81185
0.248198
0.765907
0.98366
0.851743
0.449275
0.979334
0.200389
1.08194
1.5286
0.594518
1.52342
0.487302
0.796563
0.403813
0.226956
0.0350968
0.343135
0.802445
0.424676
0.386293
0.672032
0.751173
0.738626
1.07287
1.37252
1.16069
0.557912
0.892958
0.367837
0.0559744
1.14909
1.98376
1.71436
0.750913
0.998254
0.875305
1.58544
1.61729
0.686797
0.378994
1.85007
0.563394
0.174796
0.577519
1.49931
0.250527
0.00311416
0.209955
1.79672
0.618745
1.20151
0.696861
0.475357
1.74862
1.70697
1.36195
1.12021
0.0068347
0.78296
1.79271
1.37404
0.536321
1.76225
0.949498
1.6375
1.64137
0.713199
1.7678
0.783748
1.33038
1.14511
2.03772
1.98516
0.515434
1.36534
0.678561
1.52019
1.83559
1.97077
0.391371
0.727975
1.26999
0.0313323
1.30655
1.64098
0.670078
1.04018
0.460236
1.29518
0.299084
0.485069
0.609129
0.785159
1.47901
1.60481
0.686451
1.44312
0.355103
1.55178
0.276631
1.88251
0.854139
1.87608
0.673705
0.825644
1.55546
1.07022
1.35264
0.362746
0.829942
0.305321
1.21031
0.607312
0.25738
0.30083
0.885363
2.07856
1.34091
0.799459
1.96073
0.37308
0.53888
1.20649
1.34285
1.09111
1.09444
0.280725
1.32104
0.787622
1.86115
1.46384
0.29663
0.3394
0.448799
0.391603
1.85172
1.54729
0.514547
0.683918
0.338523
0.781123
1.28286
2.07269
0.239042
0.692452
0.739574
1.90126
1.61604
1.38838
1.61647
0.580771
0.177791
1.11414
0.0385434
0.340053
0.00471721
1.12926
1.11527
1.37334
1.59234
2.03469
1.07217
0.808033
0.452761
2.08204
1.5429
0.900174
1.1103
1.91154
0.719723
1.65175
0.92106
1.27672
1.05706
0.71459
0.212639
0.319427
0.131883
1.41525
1.61314
1.12723
0.662685
0.469919
0.560335
0.383611
1.22601
1.85691
0.818218
0.546268
2.02251
1.88912
1.21315
0.322808
1.888
0.227387
1.27143
0.616719
1.68587
0.52538
1.1142
1.46431
1.5951
1.46657
1.68321
0.138416
1.78886
0.500276
0.0372871
1.901
1.71956
0.334866
0.158655
1.90037
1.22113
0.867958
0.141156
0.23643
0.722556
0.429012
0.518147
1.18492
1.13148
0.0217662
1.7898
0.428019
1.81869
1.08023
0.286604
0.519075
0.424897
0.113177
