2.33935
1.27251
1.17991
0.692625
0.0876717
2.2636
1.1538
2.22871
1.26199
2.27642
3.08478
0.920272
1.51308
0.262655
2.01239
0.695382
2.48793
2.93117
1.14602
2.00913
1.41243
0.116168
0.670407
2.24441
2.71922
1.63221
1.93255
0.235433
1.96301
0.753001
0.747673
0.959364
1.35244
1.76196
2.64646
1.94044
2.00421
0.981989
2.11963
2.497
0.0769969
2.31233
1.84483
0.513554
1.7116
0.284088
0.146643
0.441314
0.807642
1.14012
0.929084
3.10683
2.7267
1.50024
0.150889
1.51288
1.22283
1.64595
0.460605
0.653959
1.97235
0.177658
2.07788
1.39044
0.886478
2.27432
3.018
2.88713
2.24293
1.1604
1.18608
2.25623
2.28892
2.39049
0.716121
0.924043
2.7683
2.57218
1.62538
1.67164
1.53581
0.466252
0.866533
2.53561
0.208091
1.1155
2.58844
1.62685
0.734363
1.47559
0.388648
0.386249
0.878804
1.1414
2.57498
2.31562
2.04555
0.100219
0.824171
0.893567
1.77685
1.74405
0.546085
2.41377
2.97895
1.95427
2.39021
0.305308
3.07806
0.108758
2.23393
2.8852
1.81651
1.88013
1.46435
1.50883
1.79405
1.94269
0.131467
2.41001
0.226487
0.781044
2.05942
1.62724
1.18146
0.729302
0.368154
2.08523
1.10085
0.161386
2.46714
0.961589
2.06078
2.57783
0.96774
0.111647
0.0319896
1.7973
1.47886
1.94768
2.8708
0.887762
2.95947
1.17311
2.33426
2.32069
2.58722
0.831231
1.13642
1.84932
0.666023
1.75303
0.680406
0.277649
0.316005
1.72164
1.11822
1.64808
2.46192
1.94773
1.52682
1.9047
3.04648
0.154799
1.293
1.88022
0.0251763
2.42392
2.46778
1.24175
2.88212
0.399186
0.651694
2.52219
2.12844
0.79076
0.777728
1.19822
1.86929
0.0222191
2.70923
1.71517
1.2856
0.395226
0.239636
3.10035
1.80155
2.65111
1.63619
0.067278
1.42364
0.0163432
2.05624
1.07791
0.903182
1.6037
2.53768
1.6192
2.78461
1.91884
2.75185
1.38319
2.07319
1.83193
2.88456
0.379943
1.74532
2.82634
0.879973
1.57086
2.69043
1.40771
0.223997
3.00476
2.68494
3.01509
0.18511
2.8854
2.759
1.24162
2.84179
2.8979
1.32962
1.95205
0.335484
0.266723
0.7914
1.65685
1.77527
1.48236
2.19063
1.6161
0.34212
0.842281
0.445444
0.269795
2.26511
2.13832
1.73688
1.84375
1.67302
1.59331
1.98666
2.70849
0.766755
0.917939
2.08072
1.51025
1.88305
1.05097
1.21936
1.69085
1.52385
2.93669
2.98671
0.986982
2.51127
2.93184
2.03487
0.419994
1.63783
2.55954
1.35495
1.98963
1.60051
0.317686
0.904076
2.74167
0.235789
1.34665
2.37914
0.604148
0.532572
0.929265
3.11846
0.206286
0.177488
2.26286
0.134117
0.400931
0.891749
3.07375
1.08411
0.704131
0.234623
2.56321
1.5552
0.460562
2.43058
0.533701
0.911319
1.39972
0.123802
2.79653
0.882408
2.1755
2.86487
0.305838
1.72576
0.611745
