 after hadron evolution
     0.02500      9.42980
     0.07500      6.54937
     0.12500      4.90353
     0.17500      3.85436
     0.22500      2.51557
     0.27500      1.83369
     0.32500      1.67427
     0.37500      1.16339
     0.42500      0.63265
     0.47500      0.74240
     0.52500      0.50108
     0.57500      0.28172
     0.62500      0.24211
     0.67500      0.11958
     0.72500      0.08995
     0.77500      0.07880
     0.82500      0.07601
     0.87500      0.06551
     0.92500      0.05613
     0.97500      0.04100
     1.02500      0.01310
     1.07500      0.00634
     1.12500      0.01235
     1.17500      0.01209
     1.22500      0.01746
     1.42500      0.01047
     1.47500      0.00514
     1.62500      0.00476
     2.02500      0.00399
