    -9.80000      0.00000
    -9.40000      0.00000
    -9.00000      0.00000
    -8.60000      0.00000
    -8.20000      0.00000
    -7.80000      0.00000
    -7.40000      0.00000
    -7.00000      0.00000
    -6.60000      0.00000
    -6.20000      0.00000
    -5.80000      0.00000
    -5.40000      0.00750
    -5.00000      0.07750
    -4.60000      0.21500
    -4.20000      0.37500
    -3.80000      0.53000
    -3.40000      0.74500
    -3.00000      0.91500
    -2.60000      1.04000
    -2.20000      1.05250
    -1.80000      1.10250
    -1.40000      0.86250
    -1.00000      0.93250
    -0.60000      0.75750
    -0.20000      0.66250
     0.20000      0.68500
     0.60000      0.58250
     1.00000      0.48750
     1.40000      0.38750
     1.80000      0.27750
     2.20000      0.21750
     2.60000      0.20250
     3.00000      0.11750
     3.40000      0.08250
     3.80000      0.03000
     4.20000      0.01500
     4.60000      0.01250
     5.00000      0.00000
     5.40000      0.00000
     5.80000      0.00000
     6.20000      0.00000
     6.60000      0.00000
     7.00000      0.00000
     7.40000      0.00000
     7.80000      0.00000
     8.20000      0.00000
     8.60000      0.00000
     9.00000      0.00000
     9.40000      0.00000
     9.80000      0.00000
 after hadron evolution
    -9.80000      0.00000
    -9.40000      0.00000
    -9.00000      0.00000
    -8.60000      0.00000
    -8.20000      0.00000
    -7.80000      0.00000
    -7.40000      0.00000
    -7.00000      0.00000
    -6.60000      0.00000
    -6.20000      0.00000
    -5.80000      0.00250
    -5.40000      0.02000
    -5.00000      0.09000
    -4.60000      0.33250
    -4.20000      0.49750
    -3.80000      0.85500
    -3.40000      1.24000
    -3.00000      1.43500
    -2.60000      1.58750
    -2.20000      1.61500
    -1.80000      1.60000
    -1.40000      1.32500
    -1.00000      1.36000
    -0.60000      1.20750
    -0.20000      1.10750
     0.20000      0.99500
     0.60000      0.90750
     1.00000      0.83250
     1.40000      0.67250
     1.80000      0.62500
     2.20000      0.46000
     2.60000      0.34250
     3.00000      0.25250
     3.40000      0.14000
     3.80000      0.08000
     4.20000      0.03250
     4.60000      0.01000
     5.00000      0.00000
     5.40000      0.00000
     5.80000      0.00000
     6.20000      0.00000
     6.60000      0.00000
     7.00000      0.00000
     7.40000      0.00000
     7.80000      0.00000
     8.20000      0.00000
     8.60000      0.00000
     9.00000      0.00000
     9.40000      0.00000
     9.80000      0.00000
