    -9.80000      0.00000
    -9.40000      0.00000
    -9.00000      0.00000
    -8.60000      0.00000
    -8.20000      0.00000
    -7.80000      0.00000
    -7.40000      0.00250
    -7.00000      0.01000
    -6.60000      0.07250
    -6.20000      0.33500
    -5.80000      0.92750
    -5.40000      2.37500
    -5.00000      5.47500
    -4.60000     10.11750
    -4.20000     15.52250
    -3.80000     20.39000
    -3.40000     25.44250
    -3.00000     28.26500
    -2.60000     29.18500
    -2.20000     29.43500
    -1.80000     29.12500
    -1.40000     26.81500
    -1.00000     25.07250
    -0.60000     23.52750
    -0.20000     21.75750
     0.20000     20.08500
     0.60000     17.61000
     1.00000     15.72750
     1.40000     14.36000
     1.80000     12.56250
     2.20000     10.54500
     2.60000      8.65000
     3.00000      6.63750
     3.40000      4.80000
     3.80000      2.80250
     4.20000      1.48500
     4.60000      0.65500
     5.00000      0.24750
     5.40000      0.06250
     5.80000      0.02000
     6.20000      0.01000
     6.60000      0.00000
     7.00000      0.00000
     7.40000      0.00000
     7.80000      0.00000
     8.20000      0.00000
     8.60000      0.00000
     9.00000      0.00000
     9.40000      0.00000
     9.80000      0.00000
 after hadron evolution
    -9.80000      0.00000
    -9.40000      0.00000
    -9.00000      0.00000
    -8.60000      0.00000
    -8.20000      0.00000
    -7.80000      0.00000
    -7.40000      0.00250
    -7.00000      0.02500
    -6.60000      0.11500
    -6.20000      0.67250
    -5.80000      1.94750
    -5.40000      4.90250
    -5.00000      9.89250
    -4.60000     17.87000
    -4.20000     25.85000
    -3.80000     33.11000
    -3.40000     40.36000
    -3.00000     44.15750
    -2.60000     45.43500
    -2.20000     45.28750
    -1.80000     45.06750
    -1.40000     42.16750
    -1.00000     39.62500
    -0.60000     37.30750
    -0.20000     33.96500
     0.20000     31.56000
     0.60000     28.48250
     1.00000     25.44500
     1.40000     22.76000
     1.80000     19.98750
     2.20000     16.82250
     2.60000     13.90750
     3.00000     10.82750
     3.40000      7.62000
     3.80000      4.84500
     4.20000      2.85500
     4.60000      1.36000
     5.00000      0.55000
     5.40000      0.15500
     5.80000      0.04750
     6.20000      0.01500
     6.60000      0.00000
     7.00000      0.00000
     7.40000      0.00000
     7.80000      0.00000
     8.20000      0.00000
     8.60000      0.00000
     9.00000      0.00000
     9.40000      0.00000
     9.80000      0.00000
