    -9.80000      0.00000
    -9.40000      0.00000
    -9.00000      0.00000
    -8.60000      0.00000
    -8.20000      0.00000
    -7.80000      0.00000
    -7.40000      0.00000
    -7.00000      0.00000
    -6.60000      0.00000
    -6.20000      0.00000
    -5.80000      0.00500
    -5.40000    181.89001
    -5.00000      0.77750
    -4.60000      1.15750
    -4.20000      1.37750
    -3.80000      1.46750
    -3.40000      1.02000
    -3.00000      0.73000
    -2.60000      0.51000
    -2.20000      0.41000
    -1.80000      0.28750
    -1.40000      0.15250
    -1.00000      0.19500
    -0.60000      0.19500
    -0.20000      0.09750
     0.20000      0.10750
     0.60000      0.12000
     1.00000      0.09500
     1.40000      0.05750
     1.80000      0.17000
     2.20000      0.14000
     2.60000      0.16750
     3.00000      0.14000
     3.40000      0.19000
     3.80000      0.11750
     4.20000      0.10000
     4.60000      0.03750
     5.00000      0.00750
     5.40000      0.01000
     5.80000      0.00000
     6.20000      0.00000
     6.60000      0.00000
     7.00000      0.00000
     7.40000      0.00000
     7.80000      0.00000
     8.20000      0.00000
     8.60000      0.00000
     9.00000      0.00000
     9.40000      0.00000
     9.80000      0.00000
 after hadron evolution
    -9.80000      0.00000
    -9.40000      0.00000
    -9.00000      0.00000
    -8.60000      0.00000
    -8.20000      0.00000
    -7.80000      0.00000
    -7.40000      0.00000
    -7.00000      0.00000
    -6.60000      0.00000
    -6.20000      0.00000
    -5.80000      0.00750
    -5.40000    181.93001
    -5.00000      1.17250
    -4.60000      2.27500
    -4.20000      3.02750
    -3.80000      3.13000
    -3.40000      2.25500
    -3.00000      1.46500
    -2.60000      0.91750
    -2.20000      0.82000
    -1.80000      0.45250
    -1.40000      0.34750
    -1.00000      0.17750
    -0.60000      0.22000
    -0.20000      0.18000
     0.20000      0.25750
     0.60000      0.16750
     1.00000      0.22750
     1.40000      0.16000
     1.80000      0.22000
     2.20000      0.25000
     2.60000      0.36500
     3.00000      0.27750
     3.40000      0.40250
     3.80000      0.21750
     4.20000      0.13000
     4.60000      0.04750
     5.00000      0.00750
     5.40000      0.01000
     5.80000      0.00000
     6.20000      0.00000
     6.60000      0.00000
     7.00000      0.00000
     7.40000      0.00000
     7.80000      0.00000
     8.20000      0.00000
     8.60000      0.00000
     9.00000      0.00000
     9.40000      0.00000
     9.80000      0.00000
