    -9.80000      0.00000
    -9.40000      0.00000
    -9.00000      0.00000
    -8.60000      0.00000
    -8.20000      0.00000
    -7.80000      0.00000
    -7.40000      0.00000
    -7.00000      0.00250
    -6.60000      0.02250
    -6.20000      0.09750
    -5.80000      0.25250
    -5.40000      0.60000
    -5.00000      1.13500
    -4.60000      1.70750
    -4.20000      2.41000
    -3.80000      2.88000
    -3.40000      3.55750
    -3.00000      3.87250
    -2.60000      3.94250
    -2.20000      3.99000
    -1.80000      3.80750
    -1.40000      3.50750
    -1.00000      3.39250
    -0.60000      2.83750
    -0.20000      2.69000
     0.20000      2.57250
     0.60000      2.40000
     1.00000      2.12250
     1.40000      1.93250
     1.80000      1.82000
     2.20000      1.56250
     2.60000      1.27000
     3.00000      0.94750
     3.40000      0.70500
     3.80000      0.47500
     4.20000      0.25500
     4.60000      0.13500
     5.00000      0.04750
     5.40000      0.02500
     5.80000      0.00500
     6.20000      0.00500
     6.60000      0.00000
     7.00000      0.00000
     7.40000      0.00000
     7.80000      0.00000
     8.20000      0.00000
     8.60000      0.00000
     9.00000      0.00000
     9.40000      0.00000
     9.80000      0.00000
 after hadron evolution
    -9.80000      0.00000
    -9.40000      0.00000
    -9.00000      0.00000
    -8.60000      0.00000
    -8.20000      0.00000
    -7.80000      0.00000
    -7.40000      0.00000
    -7.00000      0.00750
    -6.60000      0.04000
    -6.20000      0.18500
    -5.80000      0.55250
    -5.40000      1.44750
    -5.00000      2.95750
    -4.60000      5.04500
    -4.20000      7.28250
    -3.80000      8.95000
    -3.40000     10.71250
    -3.00000     11.84000
    -2.60000     12.06750
    -2.20000     12.31500
    -1.80000     12.04250
    -1.40000     11.32250
    -1.00000     10.87750
    -0.60000      9.69250
    -0.20000      9.45500
     0.20000      8.61250
     0.60000      7.91250
     1.00000      6.77000
     1.40000      6.02000
     1.80000      5.57500
     2.20000      4.74500
     2.60000      3.68750
     3.00000      2.94750
     3.40000      2.07250
     3.80000      1.44000
     4.20000      0.81750
     4.60000      0.42000
     5.00000      0.14000
     5.40000      0.05000
     5.80000      0.01250
     6.20000      0.00500
     6.60000      0.00000
     7.00000      0.00000
     7.40000      0.00000
     7.80000      0.00000
     8.20000      0.00000
     8.60000      0.00000
     9.00000      0.00000
     9.40000      0.00000
     9.80000      0.00000
