    -9.80000      0.00000
    -9.40000      0.00000
    -9.00000      0.00000
    -8.60000      0.00000
    -8.20000      0.00000
    -7.80000      0.00000
    -7.40000      0.00000
    -7.00000      0.00000
    -6.60000      0.00000
    -6.20000      0.00000
    -5.80000      0.00500
    -5.40000    181.89001
    -5.00000      0.78250
    -4.60000      1.20750
    -4.20000      1.44250
    -3.80000      1.62750
    -3.40000      1.19500
    -3.00000      0.99750
    -2.60000      0.81750
    -2.20000      0.69250
    -1.80000      0.55500
    -1.40000      0.47000
    -1.00000      0.47750
    -0.60000      0.48500
    -0.20000      0.40750
     0.20000      0.36500
     0.60000      0.32750
     1.00000      0.29500
     1.40000      0.22750
     1.80000      0.28500
     2.20000      0.21750
     2.60000      0.22250
     3.00000      0.17500
     3.40000      0.21000
     3.80000      0.13000
     4.20000      0.10000
     4.60000      0.03750
     5.00000      0.00750
     5.40000      0.01000
     5.80000      0.00000
     6.20000      0.00000
     6.60000      0.00000
     7.00000      0.00000
     7.40000      0.00000
     7.80000      0.00000
     8.20000      0.00000
     8.60000      0.00000
     9.00000      0.00000
     9.40000      0.00000
     9.80000      0.00000
 after hadron evolution
    -9.80000      0.00000
    -9.40000      0.00000
    -9.00000      0.00000
    -8.60000      0.00000
    -8.20000      0.00000
    -7.80000      0.00000
    -7.40000      0.00000
    -7.00000      0.00000
    -6.60000      0.00000
    -6.20000      0.00000
    -5.80000      0.00750
    -5.40000    181.93501
    -5.00000      1.19750
    -4.60000      2.37500
    -4.20000      3.21250
    -3.80000      3.54500
    -3.40000      2.70500
    -3.00000      2.08750
    -2.60000      1.60750
    -2.20000      1.39500
    -1.80000      1.04500
    -1.40000      0.88750
    -1.00000      0.78500
    -0.60000      0.77750
    -0.20000      0.70750
     0.20000      0.73250
     0.60000      0.60500
     1.00000      0.59250
     1.40000      0.54000
     1.80000      0.55250
     2.20000      0.47250
     2.60000      0.51500
     3.00000      0.37500
     3.40000      0.44500
     3.80000      0.23750
     4.20000      0.13250
     4.60000      0.04750
     5.00000      0.00750
     5.40000      0.01000
     5.80000      0.00000
     6.20000      0.00000
     6.60000      0.00000
     7.00000      0.00000
     7.40000      0.00000
     7.80000      0.00000
     8.20000      0.00000
     8.60000      0.00000
     9.00000      0.00000
     9.40000      0.00000
     9.80000      0.00000
