    -9.80000      0.00000
    -9.40000      0.00000
    -9.00000      0.00000
    -8.60000      0.00000
    -8.20000      0.00000
    -7.80000      0.00000
    -7.40000      0.00000
    -7.00000      0.00000
    -6.60000      0.00000
    -6.20000      0.00000
    -5.80000      0.02500
    -5.40000    455.25003
    -5.00000      2.24750
    -4.60000      5.24250
    -4.20000      7.58250
    -3.80000      7.02000
    -3.40000      5.49000
    -3.00000      3.48000
    -2.60000      2.24500
    -2.20000      1.31250
    -1.80000      1.00750
    -1.40000      0.48500
    -1.00000      0.18250
    -0.60000      0.37250
    -0.20000      0.33750
     0.20000      0.21000
     0.60000      0.34000
     1.00000      0.19500
     1.40000      0.40500
     1.80000      0.40750
     2.20000      0.44750
     2.60000      0.69750
     3.00000      0.71000
     3.40000      0.78250
     3.80000      0.56750
     4.20000      0.32250
     4.60000      0.10250
     5.00000      0.02000
     5.40000      0.01250
     5.80000      0.00000
     6.20000      0.00000
     6.60000      0.00000
     7.00000      0.00000
     7.40000      0.00000
     7.80000      0.00000
     8.20000      0.00000
     8.60000      0.00000
     9.00000      0.00000
     9.40000      0.00000
     9.80000      0.00000
 after hadron evolution
    -9.80000      0.00000
    -9.40000      0.00000
    -9.00000      0.00000
    -8.60000      0.00000
    -8.20000      0.00000
    -7.80000      0.00000
    -7.40000      0.00000
    -7.00000      0.00000
    -6.60000      0.00000
    -6.20000      0.00000
    -5.80000      0.02500
    -5.40000    455.26752
    -5.00000      2.35500
    -4.60000      5.13250
    -4.20000      7.49500
    -3.80000      7.06500
    -3.40000      5.51750
    -3.00000      3.54000
    -2.60000      2.16250
    -2.20000      1.48000
    -1.80000      0.88500
    -1.40000      0.42250
    -1.00000      0.25250
    -0.60000      0.38250
    -0.20000      0.27250
     0.20000      0.22750
     0.60000      0.31500
     1.00000      0.28250
     1.40000      0.34000
     1.80000      0.41000
     2.20000      0.50000
     2.60000      0.65000
     3.00000      0.72500
     3.40000      0.77250
     3.80000      0.56000
     4.20000      0.31500
     4.60000      0.11500
     5.00000      0.02000
     5.40000      0.01250
     5.80000      0.00000
     6.20000      0.00000
     6.60000      0.00000
     7.00000      0.00000
     7.40000      0.00000
     7.80000      0.00000
     8.20000      0.00000
     8.60000      0.00000
     9.00000      0.00000
     9.40000      0.00000
     9.80000      0.00000
