    -9.80000      0.00000
    -9.40000      0.00000
    -9.00000      0.00000
    -8.60000      0.00000
    -8.20000      0.00000
    -7.80000      0.00000
    -7.40000      0.00000
    -7.00000      0.00500
    -6.60000      0.02500
    -6.20000      0.12750
    -5.80000      0.32750
    -5.40000      0.61250
    -5.00000      1.20000
    -4.60000      1.93250
    -4.20000      2.58750
    -3.80000      3.20250
    -3.40000      3.66000
    -3.00000      3.87500
    -2.60000      4.02250
    -2.20000      3.80500
    -1.80000      4.03750
    -1.40000      3.60000
    -1.00000      3.25500
    -0.60000      3.00000
    -0.20000      2.64750
     0.20000      2.47750
     0.60000      2.37500
     1.00000      2.07000
     1.40000      2.15500
     1.80000      1.79500
     2.20000      1.46500
     2.60000      1.27750
     3.00000      1.03250
     3.40000      0.74750
     3.80000      0.46750
     4.20000      0.27250
     4.60000      0.17250
     5.00000      0.06500
     5.40000      0.01250
     5.80000      0.00750
     6.20000      0.00000
     6.60000      0.00000
     7.00000      0.00000
     7.40000      0.00000
     7.80000      0.00000
     8.20000      0.00000
     8.60000      0.00000
     9.00000      0.00000
     9.40000      0.00000
     9.80000      0.00000
 after hadron evolution
    -9.80000      0.00000
    -9.40000      0.00000
    -9.00000      0.00000
    -8.60000      0.00000
    -8.20000      0.00000
    -7.80000      0.00000
    -7.40000      0.00000
    -7.00000      0.01000
    -6.60000      0.03500
    -6.20000      0.25250
    -5.80000      0.61750
    -5.40000      1.50750
    -5.00000      3.00750
    -4.60000      5.19750
    -4.20000      7.48500
    -3.80000      9.57750
    -3.40000     10.94000
    -3.00000     12.02000
    -2.60000     12.43500
    -2.20000     12.00250
    -1.80000     12.14750
    -1.40000     11.61500
    -1.00000     10.63500
    -0.60000     10.23000
    -0.20000      9.09500
     0.20000      8.50000
     0.60000      7.72000
     1.00000      6.93500
     1.40000      6.46500
     1.80000      5.35250
     2.20000      4.54250
     2.60000      3.82500
     3.00000      3.07750
     3.40000      2.21500
     3.80000      1.42750
     4.20000      0.79500
     4.60000      0.41750
     5.00000      0.18750
     5.40000      0.03250
     5.80000      0.01250
     6.20000      0.00000
     6.60000      0.00000
     7.00000      0.00000
     7.40000      0.00000
     7.80000      0.00000
     8.20000      0.00000
     8.60000      0.00000
     9.00000      0.00000
     9.40000      0.00000
     9.80000      0.00000
