    -9.80000      0.00000
    -9.40000      0.00000
    -9.00000      0.00000
    -8.60000      0.00000
    -8.20000      0.00000
    -7.80000      0.00000
    -7.40000      0.00000
    -7.00000      0.00000
    -6.60000      0.00000
    -6.20000      0.00000
    -5.80000      0.00000
    -5.40000      0.00000
    -5.00000      0.00500
    -4.60000      0.05000
    -4.20000      0.06500
    -3.80000      0.16000
    -3.40000      0.17500
    -3.00000      0.26750
    -2.60000      0.30750
    -2.20000      0.28250
    -1.80000      0.26750
    -1.40000      0.31750
    -1.00000      0.28250
    -0.60000      0.29000
    -0.20000      0.31000
     0.20000      0.25750
     0.60000      0.20750
     1.00000      0.20000
     1.40000      0.17000
     1.80000      0.11500
     2.20000      0.07750
     2.60000      0.05500
     3.00000      0.03500
     3.40000      0.02000
     3.80000      0.01250
     4.20000      0.00000
     4.60000      0.00000
     5.00000      0.00000
     5.40000      0.00000
     5.80000      0.00000
     6.20000      0.00000
     6.60000      0.00000
     7.00000      0.00000
     7.40000      0.00000
     7.80000      0.00000
     8.20000      0.00000
     8.60000      0.00000
     9.00000      0.00000
     9.40000      0.00000
     9.80000      0.00000
 after hadron evolution
    -9.80000      0.00000
    -9.40000      0.00000
    -9.00000      0.00000
    -8.60000      0.00000
    -8.20000      0.00000
    -7.80000      0.00000
    -7.40000      0.00000
    -7.00000      0.00000
    -6.60000      0.00000
    -6.20000      0.00000
    -5.80000      0.00000
    -5.40000      0.00500
    -5.00000      0.02500
    -4.60000      0.10000
    -4.20000      0.18500
    -3.80000      0.41500
    -3.40000      0.45000
    -3.00000      0.62250
    -2.60000      0.69000
    -2.20000      0.57500
    -1.80000      0.59250
    -1.40000      0.54000
    -1.00000      0.60750
    -0.60000      0.55750
    -0.20000      0.52750
     0.20000      0.47500
     0.60000      0.43750
     1.00000      0.36500
     1.40000      0.38000
     1.80000      0.33250
     2.20000      0.22250
     2.60000      0.15000
     3.00000      0.09750
     3.40000      0.04250
     3.80000      0.02000
     4.20000      0.00250
     4.60000      0.00000
     5.00000      0.00000
     5.40000      0.00000
     5.80000      0.00000
     6.20000      0.00000
     6.60000      0.00000
     7.00000      0.00000
     7.40000      0.00000
     7.80000      0.00000
     8.20000      0.00000
     8.60000      0.00000
     9.00000      0.00000
     9.40000      0.00000
     9.80000      0.00000
