    -9.80000      0.00000
    -9.40000      0.00000
    -9.00000      0.00000
    -8.60000      0.00000
    -8.20000      0.00000
    -7.80000      0.00000
    -7.40000      0.00250
    -7.00000      0.00250
    -6.60000      0.02500
    -6.20000      0.09750
    -5.80000      0.28750
    -5.40000      0.60750
    -5.00000      1.08000
    -4.60000      1.88750
    -4.20000      2.51500
    -3.80000      2.95500
    -3.40000      3.61000
    -3.00000      3.85250
    -2.60000      3.78250
    -2.20000      4.00250
    -1.80000      3.86250
    -1.40000      3.70000
    -1.00000      3.26750
    -0.60000      3.19500
    -0.20000      2.69500
     0.20000      2.56250
     0.60000      2.34750
     1.00000      2.17250
     1.40000      1.89750
     1.80000      1.70500
     2.20000      1.39000
     2.60000      1.15500
     3.00000      0.95250
     3.40000      0.70500
     3.80000      0.43500
     4.20000      0.26500
     4.60000      0.13750
     5.00000      0.08750
     5.40000      0.02000
     5.80000      0.00750
     6.20000      0.00500
     6.60000      0.00000
     7.00000      0.00000
     7.40000      0.00000
     7.80000      0.00000
     8.20000      0.00000
     8.60000      0.00000
     9.00000      0.00000
     9.40000      0.00000
     9.80000      0.00000
 after hadron evolution
    -9.80000      0.00000
    -9.40000      0.00000
    -9.00000      0.00000
    -8.60000      0.00000
    -8.20000      0.00000
    -7.80000      0.00000
    -7.40000      0.00250
    -7.00000      0.00750
    -6.60000      0.04000
    -6.20000      0.23000
    -5.80000      0.76750
    -5.40000      1.82250
    -5.00000      3.45750
    -4.60000      6.38750
    -4.20000      8.96250
    -3.80000     11.27750
    -3.40000     13.82750
    -3.00000     14.65250
    -2.60000     14.88750
    -2.20000     14.64750
    -1.80000     14.58000
    -1.40000     13.60750
    -1.00000     12.68500
    -0.60000     12.18250
    -0.20000     10.79750
     0.20000     10.17500
     0.60000      8.97250
     1.00000      8.37000
     1.40000      7.34750
     1.80000      6.62750
     2.20000      5.58250
     2.60000      4.73750
     3.00000      3.65750
     3.40000      2.58500
     3.80000      1.57750
     4.20000      1.05000
     4.60000      0.45000
     5.00000      0.21500
     5.40000      0.07250
     5.80000      0.02250
     6.20000      0.01000
     6.60000      0.00000
     7.00000      0.00000
     7.40000      0.00000
     7.80000      0.00000
     8.20000      0.00000
     8.60000      0.00000
     9.00000      0.00000
     9.40000      0.00000
     9.80000      0.00000
