    -9.80000      0.00000
    -9.40000      0.00000
    -9.00000      0.00000
    -8.60000      0.00000
    -8.20000      0.00000
    -7.80000      0.00000
    -7.40000      0.00000
    -7.00000      0.00000
    -6.60000      0.00000
    -6.20000      0.00000
    -5.80000      0.00000
    -5.40000      0.00500
    -5.00000      0.00250
    -4.60000      0.00750
    -4.20000      0.02000
    -3.80000      0.06250
    -3.40000      0.10000
    -3.00000      0.12250
    -2.60000      0.14250
    -2.20000      0.17250
    -1.80000      0.17500
    -1.40000      0.16500
    -1.00000      0.20750
    -0.60000      0.18500
    -0.20000      0.16000
     0.20000      0.16500
     0.60000      0.13500
     1.00000      0.08750
     1.40000      0.08000
     1.80000      0.07750
     2.20000      0.05000
     2.60000      0.02500
     3.00000      0.00750
     3.40000      0.01000
     3.80000      0.00250
     4.20000      0.00000
     4.60000      0.00000
     5.00000      0.00000
     5.40000      0.00000
     5.80000      0.00000
     6.20000      0.00000
     6.60000      0.00000
     7.00000      0.00000
     7.40000      0.00000
     7.80000      0.00000
     8.20000      0.00000
     8.60000      0.00000
     9.00000      0.00000
     9.40000      0.00000
     9.80000      0.00000
 after hadron evolution
    -9.80000      0.00000
    -9.40000      0.00000
    -9.00000      0.00000
    -8.60000      0.00000
    -8.20000      0.00000
    -7.80000      0.00000
    -7.40000      0.00000
    -7.00000      0.00000
    -6.60000      0.00000
    -6.20000      0.00000
    -5.80000      0.00000
    -5.40000      0.00500
    -5.00000      0.00250
    -4.60000      0.02500
    -4.20000      0.05500
    -3.80000      0.13250
    -3.40000      0.19000
    -3.00000      0.25250
    -2.60000      0.25500
    -2.20000      0.25750
    -1.80000      0.23500
    -1.40000      0.24250
    -1.00000      0.28250
    -0.60000      0.23250
    -0.20000      0.22250
     0.20000      0.24750
     0.60000      0.21000
     1.00000      0.16250
     1.40000      0.16500
     1.80000      0.15500
     2.20000      0.11750
     2.60000      0.06250
     3.00000      0.03500
     3.40000      0.02500
     3.80000      0.01000
     4.20000      0.00000
     4.60000      0.00000
     5.00000      0.00000
     5.40000      0.00000
     5.80000      0.00000
     6.20000      0.00000
     6.60000      0.00000
     7.00000      0.00000
     7.40000      0.00000
     7.80000      0.00000
     8.20000      0.00000
     8.60000      0.00000
     9.00000      0.00000
     9.40000      0.00000
     9.80000      0.00000
