    -9.80000      0.00000
    -9.40000      0.00000
    -9.00000      0.00000
    -8.60000      0.00000
    -8.20000      0.00000
    -7.80000      0.00000
    -7.40000      0.00000
    -7.00000      0.00000
    -6.60000      0.00000
    -6.20000      0.00000
    -5.80000      0.00000
    -5.40000      0.00750
    -5.00000      0.07750
    -4.60000      0.21750
    -4.20000      0.39750
    -3.80000      0.43750
    -3.40000      0.33250
    -3.00000      0.25500
    -2.60000      0.24000
    -2.20000      0.18250
    -1.80000      0.16750
    -1.40000      0.15500
    -1.00000      0.13250
    -0.60000      0.14000
    -0.20000      0.14500
     0.20000      0.13750
     0.60000      0.09000
     1.00000      0.09250
     1.40000      0.09250
     1.80000      0.07250
     2.20000      0.06500
     2.60000      0.06250
     3.00000      0.06000
     3.40000      0.03750
     3.80000      0.04000
     4.20000      0.02000
     4.60000      0.01000
     5.00000      0.00250
     5.40000      0.00000
     5.80000      0.00000
     6.20000      0.00000
     6.60000      0.00000
     7.00000      0.00000
     7.40000      0.00000
     7.80000      0.00000
     8.20000      0.00000
     8.60000      0.00000
     9.00000      0.00000
     9.40000      0.00000
     9.80000      0.00000
 after hadron evolution
    -9.80000      0.00000
    -9.40000      0.00000
    -9.00000      0.00000
    -8.60000      0.00000
    -8.20000      0.00000
    -7.80000      0.00000
    -7.40000      0.00000
    -7.00000      0.00000
    -6.60000      0.00000
    -6.20000      0.00000
    -5.80000      0.00000
    -5.40000      0.01750
    -5.00000      0.10000
    -4.60000      0.33250
    -4.20000      0.63750
    -3.80000      0.62750
    -3.40000      0.55250
    -3.00000      0.40250
    -2.60000      0.32000
    -2.20000      0.26000
    -1.80000      0.24250
    -1.40000      0.20500
    -1.00000      0.19750
    -0.60000      0.19500
    -0.20000      0.21000
     0.20000      0.19000
     0.60000      0.15250
     1.00000      0.16000
     1.40000      0.15000
     1.80000      0.12750
     2.20000      0.11750
     2.60000      0.11750
     3.00000      0.12000
     3.40000      0.06500
     3.80000      0.05250
     4.20000      0.02500
     4.60000      0.01000
     5.00000      0.00250
     5.40000      0.00000
     5.80000      0.00000
     6.20000      0.00000
     6.60000      0.00000
     7.00000      0.00000
     7.40000      0.00000
     7.80000      0.00000
     8.20000      0.00000
     8.60000      0.00000
     9.00000      0.00000
     9.40000      0.00000
     9.80000      0.00000
