    -9.80000      0.00000
    -9.40000      0.00000
    -9.00000      0.00000
    -8.60000      0.00000
    -8.20000      0.00000
    -7.80000      0.00000
    -7.40000      0.00000
    -7.00000      0.00750
    -6.60000      0.04750
    -6.20000      0.22500
    -5.80000      0.59500
    -5.40000    183.35751
    -5.00000      4.65000
    -4.60000      8.80500
    -4.20000     13.44500
    -3.80000     15.99750
    -3.40000     17.86500
    -3.00000     18.68750
    -2.60000     18.70750
    -2.20000     18.17500
    -1.80000     17.76000
    -1.40000     15.73750
    -1.00000     15.04750
    -0.60000     13.53000
    -0.20000     12.77500
     0.20000     11.95000
     0.60000     10.73500
     1.00000      9.66500
     1.40000      9.09000
     1.80000      8.04500
     2.20000      6.70750
     2.60000      5.50750
     3.00000      4.19500
     3.40000      3.12750
     3.80000      1.88000
     4.20000      1.02750
     4.60000      0.44250
     5.00000      0.14000
     5.40000      0.04750
     5.80000      0.01250
     6.20000      0.00500
     6.60000      0.00000
     7.00000      0.00000
     7.40000      0.00000
     7.80000      0.00000
     8.20000      0.00000
     8.60000      0.00000
     9.00000      0.00000
     9.40000      0.00000
     9.80000      0.00000
 after hadron evolution
    -9.80000      0.00000
    -9.40000      0.00000
    -9.00000      0.00000
    -8.60000      0.00000
    -8.20000      0.00000
    -7.80000      0.00000
    -7.40000      0.00000
    -7.00000      0.01750
    -6.60000      0.07500
    -6.20000      0.44000
    -5.80000      1.18500
    -5.40000    184.97002
    -5.00000      7.50500
    -4.60000     13.63500
    -4.20000     19.74750
    -3.80000     24.76250
    -3.40000     28.01750
    -3.00000     30.05750
    -2.60000     30.48000
    -2.20000     30.02500
    -1.80000     29.59250
    -1.40000     27.74500
    -1.00000     26.26250
    -0.60000     24.34500
    -0.20000     22.58250
     0.20000     20.79250
     0.60000     18.99500
     1.00000     16.72500
     1.40000     15.17000
     1.80000     13.38000
     2.20000     11.19750
     2.60000      9.10000
     3.00000      7.18500
     3.40000      5.18500
     3.80000      3.34750
     4.20000      1.86500
     4.60000      0.92000
     5.00000      0.33750
     5.40000      0.09250
     5.80000      0.02500
     6.20000      0.00500
     6.60000      0.00000
     7.00000      0.00000
     7.40000      0.00000
     7.80000      0.00000
     8.20000      0.00000
     8.60000      0.00000
     9.00000      0.00000
     9.40000      0.00000
     9.80000      0.00000
