    -9.80000      0.00000
    -9.40000      0.00000
    -9.00000      0.00000
    -8.60000      0.00000
    -8.20000      0.00000
    -7.80000      0.00000
    -7.40000      0.00000
    -7.00000      0.00500
    -6.60000      0.02500
    -6.20000      0.12750
    -5.80000      0.33000
    -5.40000      0.73500
    -5.00000      1.89000
    -4.60000      3.59500
    -4.20000      5.72750
    -3.80000      7.19250
    -3.40000      8.12500
    -3.00000      8.89500
    -2.60000      9.12750
    -2.20000      8.77000
    -1.80000      8.84000
    -1.40000      7.73750
    -1.00000      7.35000
    -0.60000      6.70000
    -0.20000      6.22000
     0.20000      5.81750
     0.60000      5.31500
     1.00000      4.74250
     1.40000      4.50000
     1.80000      3.78000
     2.20000      3.15000
     2.60000      2.62250
     3.00000      1.97500
     3.40000      1.35750
     3.80000      0.81500
     4.20000      0.44500
     4.60000      0.20500
     5.00000      0.07750
     5.40000      0.01250
     5.80000      0.00750
     6.20000      0.00000
     6.60000      0.00000
     7.00000      0.00000
     7.40000      0.00000
     7.80000      0.00000
     8.20000      0.00000
     8.60000      0.00000
     9.00000      0.00000
     9.40000      0.00000
     9.80000      0.00000
 after hadron evolution
    -9.80000      0.00000
    -9.40000      0.00000
    -9.00000      0.00000
    -8.60000      0.00000
    -8.20000      0.00000
    -7.80000      0.00000
    -7.40000      0.00000
    -7.00000      0.01000
    -6.60000      0.03500
    -6.20000      0.25250
    -5.80000      0.62000
    -5.40000      1.54000
    -5.00000      3.18000
    -4.60000      5.76500
    -4.20000      8.47500
    -3.80000     11.18500
    -3.40000     12.99500
    -3.00000     14.41000
    -2.60000     15.00750
    -2.20000     14.47750
    -1.80000     14.65250
    -1.40000     13.72250
    -1.00000     12.89500
    -0.60000     12.20250
    -0.20000     10.94750
     0.20000     10.17000
     0.60000      9.24250
     1.00000      8.28500
     1.40000      7.63250
     1.80000      6.43500
     2.20000      5.31750
     2.60000      4.37500
     3.00000      3.47500
     3.40000      2.42750
     3.80000      1.54250
     4.20000      0.83500
     4.60000      0.42750
     5.00000      0.18750
     5.40000      0.03250
     5.80000      0.01250
     6.20000      0.00000
     6.60000      0.00000
     7.00000      0.00000
     7.40000      0.00000
     7.80000      0.00000
     8.20000      0.00000
     8.60000      0.00000
     9.00000      0.00000
     9.40000      0.00000
     9.80000      0.00000
