    -9.80000      0.00000
    -9.40000      0.00000
    -9.00000      0.00000
    -8.60000      0.00000
    -8.20000      0.00000
    -7.80000      0.00000
    -7.40000      0.00000
    -7.00000      0.00000
    -6.60000      0.00000
    -6.20000      0.00000
    -5.80000      0.00000
    -5.40000      0.00000
    -5.00000      0.00500
    -4.60000      0.03250
    -4.20000      0.07250
    -3.80000      0.09500
    -3.40000      0.18250
    -3.00000      0.20250
    -2.60000      0.29750
    -2.20000      0.27250
    -1.80000      0.30250
    -1.40000      0.32250
    -1.00000      0.31500
    -0.60000      0.31000
    -0.20000      0.32000
     0.20000      0.30500
     0.60000      0.23000
     1.00000      0.15500
     1.40000      0.13000
     1.80000      0.11250
     2.20000      0.10000
     2.60000      0.05750
     3.00000      0.02750
     3.40000      0.01750
     3.80000      0.01250
     4.20000      0.00250
     4.60000      0.00000
     5.00000      0.00000
     5.40000      0.00000
     5.80000      0.00000
     6.20000      0.00000
     6.60000      0.00000
     7.00000      0.00000
     7.40000      0.00000
     7.80000      0.00000
     8.20000      0.00000
     8.60000      0.00000
     9.00000      0.00000
     9.40000      0.00000
     9.80000      0.00000
 after hadron evolution
    -9.80000      0.00000
    -9.40000      0.00000
    -9.00000      0.00000
    -8.60000      0.00000
    -8.20000      0.00000
    -7.80000      0.00000
    -7.40000      0.00000
    -7.00000      0.00000
    -6.60000      0.00000
    -6.20000      0.00000
    -5.80000      0.00000
    -5.40000      0.00000
    -5.00000      0.00750
    -4.60000      0.09250
    -4.20000      0.21250
    -3.80000      0.32250
    -3.40000      0.44000
    -3.00000      0.59750
    -2.60000      0.62250
    -2.20000      0.61500
    -1.80000      0.62750
    -1.40000      0.65250
    -1.00000      0.52250
    -0.60000      0.55750
    -0.20000      0.51500
     0.20000      0.58000
     0.60000      0.44000
     1.00000      0.40000
     1.40000      0.33750
     1.80000      0.29000
     2.20000      0.26000
     2.60000      0.20000
     3.00000      0.10250
     3.40000      0.05500
     3.80000      0.01750
     4.20000      0.00250
     4.60000      0.00000
     5.00000      0.00000
     5.40000      0.00000
     5.80000      0.00000
     6.20000      0.00000
     6.60000      0.00000
     7.00000      0.00000
     7.40000      0.00000
     7.80000      0.00000
     8.20000      0.00000
     8.60000      0.00000
     9.00000      0.00000
     9.40000      0.00000
     9.80000      0.00000
