    -9.80000      0.00000
    -9.40000      0.00000
    -9.00000      0.00000
    -8.60000      0.00000
    -8.20000      0.00000
    -7.80000      0.00000
    -7.40000      0.00000
    -7.00000      0.00000
    -6.60000      0.00000
    -6.20000      0.00000
    -5.80000      0.00000
    -5.40000      0.04500
    -5.00000      0.12000
    -4.60000      0.20500
    -4.20000      0.32000
    -3.80000      0.43250
    -3.40000      0.74500
    -3.00000      0.92250
    -2.60000      0.95500
    -2.20000      1.00250
    -1.80000      1.03750
    -1.40000      0.97750
    -1.00000      0.91750
    -0.60000      0.93500
    -0.20000      0.74750
     0.20000      0.74500
     0.60000      0.63000
     1.00000      0.59250
     1.40000      0.48500
     1.80000      0.35250
     2.20000      0.29250
     2.60000      0.25500
     3.00000      0.18250
     3.40000      0.09500
     3.80000      0.05750
     4.20000      0.03750
     4.60000      0.01750
     5.00000      0.00250
     5.40000      0.00000
     5.80000      0.00000
     6.20000      0.00000
     6.60000      0.00000
     7.00000      0.00000
     7.40000      0.00000
     7.80000      0.00000
     8.20000      0.00000
     8.60000      0.00000
     9.00000      0.00000
     9.40000      0.00000
     9.80000      0.00000
 after hadron evolution
    -9.80000      0.00000
    -9.40000      0.00000
    -9.00000      0.00000
    -8.60000      0.00000
    -8.20000      0.00000
    -7.80000      0.00000
    -7.40000      0.00000
    -7.00000      0.00000
    -6.60000      0.00000
    -6.20000      0.00250
    -5.80000      0.00500
    -5.40000      0.04750
    -5.00000      0.12750
    -4.60000      0.31750
    -4.20000      0.50500
    -3.80000      0.81750
    -3.40000      1.28250
    -3.00000      1.42000
    -2.60000      1.49000
    -2.20000      1.55000
    -1.80000      1.60000
    -1.40000      1.55250
    -1.00000      1.43250
    -0.60000      1.45000
    -0.20000      1.20500
     0.20000      1.03250
     0.60000      1.05000
     1.00000      0.89000
     1.40000      0.85000
     1.80000      0.67250
     2.20000      0.55750
     2.60000      0.46250
     3.00000      0.34000
     3.40000      0.19750
     3.80000      0.11000
     4.20000      0.07500
     4.60000      0.02500
     5.00000      0.00250
     5.40000      0.00000
     5.80000      0.00000
     6.20000      0.00000
     6.60000      0.00000
     7.00000      0.00000
     7.40000      0.00000
     7.80000      0.00000
     8.20000      0.00000
     8.60000      0.00000
     9.00000      0.00000
     9.40000      0.00000
     9.80000      0.00000
