 1 0 2 197  0.
    -0.394     -1.141     1     3      1.212     0  2212
     0.394      1.141     2     3     -1.212     0  2112
     0.554     -2.777    -1     0     -6.059  2212  2212
    -1.219      2.990    -2     0     -6.003  2212  2212
    -1.238      1.687    -3     0     -5.947  2212  2212
    -2.040     -0.477    -4     0     -5.878  2212  2212
     0.300      0.200    -5     2     -5.781  2212  2212
     2.395      1.328    -6     0     -5.678  2212  2212
    -1.522     -2.579    -7     0     -5.255  2212  2212
    -0.858      2.257    -8     0     -5.194  2212  2212
    -0.396     -0.979    -9     3     -4.912     0  2212
     1.817      3.987   -10     0     -4.882  2212  2212
    -2.565     -0.461   -11     0     -4.811  2212  2212
     3.061     -5.144   -12     0     -4.552  2212  2212
    -4.064     -0.472   -13     0     -4.541  2212  2212
    -1.762     -4.779   -14     0     -4.529  2212  2212
    -3.252     -0.625   -15     0     -4.516  2212  2212
     1.697     -3.719   -16     0     -4.370  2212  2212
     1.431     -2.346   -17     0     -4.358  2212  2212
    -1.586     -2.929   -18     0     -4.342  2212  2212
     2.419      0.557   -19     0     -4.146  2212  2212
     0.629     -1.071   -20     3     -4.138     0  2212
     1.711      4.107   -21     0     -4.097  2212  2212
    -2.468     -3.491   -22     0     -4.095  2212  2212
    -1.923     -3.618   -23     0     -4.002  2212  2212
    -2.804     -4.530   -24     0     -3.937  2212  2212
     2.177      3.041   -25     0     -3.906  2212  2212
    -1.597      4.522   -26     0     -3.685  2212  2212
     0.796     -2.180   -27     0     -3.568  2212  2212
    -1.706     -4.916   -28     0     -3.444  2212  2212
    -2.525     -4.751   -29     0     -3.407  2212  2212
     0.262      1.706   -30     3     -3.394     0  2212
     1.046      0.674   -31     3     -3.327     0  2212
    -2.441      4.620   -32     0     -3.171  2212  2212
     4.220     -1.627   -33     0     -3.081  2212  2212
    -3.318      2.023   -34     0     -2.978  2212  2212
     1.403      4.434   -35     0     -2.883  2212  2212
     4.622      3.215   -36     0     -2.837  2212  2212
    -2.413      0.505   -37     0     -2.645  2212  2212
    -4.640      1.483   -38     0     -2.630  2212  2212
    -3.004     -2.058   -39     0     -2.554  2212  2212
    -0.180      1.392   -40     3     -2.552     0  2212
    -2.324     -2.171   -41     0     -2.530  2212  2212
     3.721     -0.546   -42     0     -2.493  2212  2212
     2.042      4.347   -43     0     -2.486  2212  2212
    -4.008     -1.320   -44     0     -2.483  2212  2212
     0.860      3.920   -45     0     -2.454  2212  2212
    -3.215     -0.847   -46     0     -2.447  2212  2212
     2.284     -1.807   -47     0     -2.352  2212  2212
     1.911      2.223   -48     0     -2.329  2212  2212
    -4.055      5.392   -49     0     -2.326  2212  2212
    -1.965      5.089   -50     0     -2.299  2212  2212
     5.072     -0.269   -51     0     -2.202  2212  2212
     2.855     -2.605   -52     0     -2.202  2212  2212
    -0.237     -1.163   -53     3     -2.012     0  2212
     1.866      1.052   -54     0     -1.973  2212  2212
     0.535      0.016   -55     3     -1.944     0  2212
     0.904      4.849   -56     0     -1.884  2212  2212
    -1.045      3.271   -57     0     -1.645  2212  2212
     1.187     -3.279   -58     0     -1.530  2212  2212
    -2.649     -0.399   -59     0     -1.437  2212  2212
    -2.376     -3.876   -60     0     -1.437  2212  2212
     0.709     -4.493   -61     0     -1.429  2212  2212
    -3.625      5.360   -62     0     -1.418  2212  2212
     2.757     -0.332   -63     0     -1.386  2212  2212
     3.788     -1.362   -64     0     -1.381  2212  2212
    -3.340      0.172   -65     0     -1.375  2212  2212
     1.025      0.063   -66     0     -1.268  2212  2212
    -3.958      2.825   -67     0     -1.263  2212  2212
    -5.702      5.140   -68     0     -1.238  2212  2212
     4.139      2.494   -69     0     -1.118  2212  2212
    -0.829     -4.127   -70     0     -0.971  2212  2212
     4.018     -5.181   -71     0     -0.944  2212  2212
     4.771      1.278   -72     0     -0.918  2212  2212
     5.464     -0.022   -73     0     -0.892  2212  2212
     3.718     -4.183   -74     0     -0.872  2212  2212
    -0.659      0.434   -75     0     -0.795  2212  2212
     5.833     -4.901   -76     0     -0.665  2212  2212
     4.325     -3.795   -77     0     -0.661  2212  2212
     2.278     -1.481   -78     0     -0.608  2212  2212
     4.173      3.686   -79     0     -0.602  2212  2212
     0.314     -0.341   -80     3     -0.572     0  2112
    -1.422     -0.441   -81     0     -0.494  2112  2112
     5.205     -2.009   -82     0     -0.478  2112  2112
     4.803      1.406   -83     0     -0.444  2112  2112
     4.252     -1.447   -84     0     -0.428  2112  2112
     1.020      2.415   -85     0     -0.424  2112  2112
     3.661     -4.221   -86     0     -0.374  2112  2112
     1.108     -7.370   -87     0     -0.220  2112  2112
     0.867     -5.528   -88     0     -0.215  2112  2112
    -0.634     -2.506   -89     0     -0.189  2112  2112
    -5.151     -0.817   -90     0     -0.070  2112  2112
    -0.306     -8.154   -91     0     -0.016  2112  2112
     3.426     -4.430   -92     0      0.060  2112  2112
    -4.066      4.733   -93     0      0.064  2112  2112
     3.531      0.360   -94     0      0.135  2112  2112
    -0.251      4.439   -95     0      0.142  2112  2112
     0.122     -6.236   -96     0      0.180  2112  2112
     1.364     -2.192   -97     0      0.229  2112  2112
     0.511     -5.314   -98     0      0.236  2112  2112
     0.864      5.980   -99     0      0.263  2112  2112
     0.624      4.712  -100     0      0.377  2112  2112
    -3.184      1.669  -101     0      0.391  2112  2112
    -4.532     -2.419  -102     0      0.393  2112  2112
    -2.495     -4.998  -103     0      0.397  2112  2112
    -2.281      2.427  -104     0      0.446  2112  2112
    -1.651     -1.941  -105     0      0.474  2112  2112
     1.718      1.180  -106     0      0.503  2112  2112
     5.703      1.937  -107     0      0.544  2112  2112
     0.258     -9.152  -108     0      0.724  2112  2112
    -3.990     -4.477  -109     0      0.786  2112  2112
     4.592     -3.429  -110     0      0.839  2112  2112
     4.926      0.028  -111     0      0.989  2112  2112
    -3.813      3.796  -112     0      0.998  2112  2112
    -3.817     -1.411  -113     0      1.007  2112  2112
     5.330     -4.104  -114     0      1.099  2112  2112
     1.682     -3.597  -115     0      1.130  2112  2112
     3.145     -0.730  -116     0      1.140  2112  2112
     0.960      7.154  -117     0      1.265  2112  2112
    -2.610     -3.858  -118     0      1.285  2112  2112
    -4.831      0.473  -119     0      1.296  2112  2112
     0.028      2.662  -120     0      1.330  2112  2112
    -6.507     -1.792  -121     0      1.336  2112  2112
    -5.983      1.052  -122     0      1.425  2112  2112
    -2.537     -2.434  -123     0      1.463  2112  2112
    -2.654      0.096  -124     0      1.479  2112  2112
    -3.829      2.421  -125     0      1.486  2112  2112
     2.261     -2.017  -126     0      1.596  2112  2112
     0.089     -0.945  -127     3      1.632     0  2112
    -2.908     -3.916  -128     0      1.658  2112  2112
     3.241     -1.464  -129     0      1.686  2112  2112
     1.676     -1.658  -130     0      1.709  2112  2112
     0.951      2.474  -131     0      1.735  2112  2112
     0.327     -5.289  -132     0      2.001  2112  2112
     1.576      4.404  -133     0      2.002  2112  2112
     4.378      0.793  -134     0      2.043  2112  2112
    -1.306     -1.267  -135     3      2.107     0  2112
    -2.921     -2.368  -136     0      2.126  2112  2112
    -3.674     -0.952  -137     0      2.195  2112  2112
     5.686      2.724  -138     0      2.231  2112  2112
     4.267      4.908  -139     0      2.245  2112  2112
    -4.432      2.838  -140     0      2.261  2112  2112
     0.090      5.931  -141     0      2.317  2112  2112
     3.693     -0.345  -142     0      2.336  2112  2112
     1.631      0.260  -143     0      2.398  2112  2112
    -1.973      2.578  -144     0      2.445  2112  2112
     3.116     -5.856  -145     0      2.452  2112  2112
     3.240      2.793  -146     0      2.511  2112  2112
     5.218     -0.102  -147     0      2.513  2112  2112
     4.281      1.756  -148     0      2.543  2112  2112
    -1.602     -6.007  -149     0      2.634  2112  2112
     2.014      1.528  -150     0      2.674  2112  2112
    -1.295     -4.518  -151     0      2.676  2112  2112
    -1.713     -2.652  -152     0      2.757  2112  2112
     1.342     -0.032  -153     0      2.799  2112  2112
     1.583     -5.975  -154     0      2.872  2112  2112
     0.319     -5.091  -155     0      3.004  2112  2112
     3.214     -3.259  -156     0      3.113  2112  2112
    -4.870     -1.975  -157     0      3.121  2112  2112
     1.936      2.203  -158     0      3.172  2112  2112
     0.814      6.811  -159     0      3.236  2112  2112
     1.024      2.788  -160     0      3.311  2112  2112
     1.764      3.977  -161     0      3.319  2112  2112
     2.939      2.029  -162     0      3.349  2112  2112
    -0.664      1.188  -163     3      3.350     0  2112
     1.786      0.473  -164     0      3.403  2112  2112
    -4.438      3.028  -165     0      3.418  2112  2112
     3.145      0.970  -166     0      3.625  2112  2112
    -2.113     -2.785  -167     0      3.697  2112  2112
     1.882     -4.897  -168     0      3.721  2112  2112
     0.895      1.852  -169     3      3.726     0  2112
    -3.224      0.865  -170     0      3.755  2112  2112
     1.711      0.630  -171     0      3.775  2112  2112
     1.751      2.329  -172     0      3.854  2112  2112
     1.992      0.088  -173     0      3.904  2112  2112
     3.009      4.182  -174     0      3.957  2112  2112
     1.791      3.164  -175     0      4.003  2112  2112
     4.365     -3.240  -176     0      4.005  2112  2112
    -4.484     -0.509  -177     0      4.027  2112  2112
    -1.043     -2.720  -178     0      4.250  2112  2112
    -0.712     -3.313  -179     0      4.296  2112  2112
     1.756     -0.735  -180     0      4.302  2112  2112
    -1.785     -0.185  -181     0      4.417  2112  2112
     2.715      1.731  -182     0      4.503  2112  2112
     2.450     -0.061  -183     0      4.532  2112  2112
     3.002     -1.488  -184     0      4.567  2112  2112
    -0.695     -4.520  -185     0      4.614  2112  2112
     1.005     -0.520  -186     0      4.698  2112  2112
    -0.421      0.147  -187     0      5.004  2112  2112
    -2.963      0.669  -188     0      5.007  2112  2112
     2.190      5.195  -189     0      5.073  2112  2112
    -4.897      1.017  -190     0      5.090  2112  2112
    -2.245      0.459  -191     0      5.319  2112  2112
     1.135      1.465  -192     3      5.420     0  2112
     2.056      1.962  -193     0      5.841  2112  2112
     3.319     -3.624  -194     0      5.861  2112  2112
     1.814     -0.878  -195     0      6.175  2112  2112
     1.877      7.079  -196     0      6.256  2112  2112
     1.745      0.877  -197     0      6.797  2112  2112
