 1 0 195 19 69 277 189
    -2    0.243   -0.270     -0.587  0.006     0.47    -0.46    -0.06     0.11
     2    1.811   -0.391     -1.046  0.006     0.47    -0.46    -0.06     0.11
    -1   -0.327   -0.078      0.196  0.010     0.65     1.96    -0.05     0.14
     3   -0.465   -0.742     -0.740  0.199     0.65     1.96    -0.05     0.14
     2   -0.047   -0.906      0.157  0.006     0.41    -0.54     0.07     0.16
    -1    0.272   -0.071      0.447  0.010     0.41    -0.54     0.07     0.16
     2    0.005   -0.041      0.012  0.006     0.98     0.06     0.15     0.17
    -2    1.137    2.403      5.867  0.006     0.98     0.06     0.15     0.17
    -2   -0.378   -0.513      0.133  0.006     0.69    -1.51     0.01     0.17
    -1    0.056   -0.104     -0.045  0.010     0.69    -1.51     0.01     0.17
    -1   -0.254    0.275     -0.049  0.010     0.69    -1.51     0.01     0.17
     1    0.045    0.043     -0.514  0.010     0.87    -0.01    -0.04     0.18
    -3   -0.576   -0.122      0.225  0.199     0.87    -0.01    -0.04     0.18
    -3    0.268    0.263     -0.054  0.199     0.54    -0.37     0.03     0.18
     2    0.612    0.130      0.242  0.006     0.54    -0.37     0.03     0.18
    -1    0.547   -0.188     -0.628  0.010     1.89     0.19    -0.14     0.20
    -2   -0.201   -0.313     -0.769  0.006     1.89     0.19    -0.14     0.20
    -1   -0.228   -0.279     -0.108  0.010     1.89     0.19    -0.14     0.20
     1   -0.654    0.411      0.830  0.010     0.28    -0.42     0.13     0.20
     2   -0.113   -0.201     -0.031  0.006     0.28    -0.42     0.13     0.20
     2   -0.125   -0.079      0.310  0.006     0.28    -0.42     0.13     0.20
    -2    0.240    0.194     -0.162  0.006     1.89     0.17    -0.11     0.21
     1   -0.137   -0.790     -0.537  0.010     1.89     0.17    -0.11     0.21
     1   -0.260   -0.028     -0.153  0.010     0.85    -1.41    -0.12     0.21
     2    0.541    0.202     -0.316  0.006     0.85    -1.41    -0.12     0.21
     1    0.222    0.122     -0.261  0.010     0.85    -1.41    -0.12     0.21
    -2   -0.020   -0.145      0.692  0.006     0.29    -0.41     0.18     0.22
    -1   -0.416    0.039      0.484  0.010     0.29    -0.41     0.18     0.22
    -2   -0.847    0.427      1.193  0.006     0.29    -0.41     0.18     0.22
    -1    0.192    0.287      0.030  0.010     0.89    -1.50    -0.05     0.22
     2    0.298   -0.451     -0.244  0.006     0.89    -1.50    -0.05     0.22
     3   -0.392   -0.210     -0.169  0.199     0.88    -0.01     0.04     0.22
    -2    0.109    0.158      0.348  0.006     0.88    -0.01     0.04     0.22
    -2    0.224   -0.226      0.330  0.006     0.37    -0.52     0.02     0.23
     2   -0.309   -0.094     -0.244  0.006     0.37    -0.52     0.02     0.23
    -1   -0.093    0.084      0.065  0.010     0.18    -0.35     0.09     0.25
     1   -0.692    0.220      0.273  0.010     0.18    -0.35     0.09     0.25
     1    0.025    0.453     -0.601  0.010     0.67     2.18    -0.20     0.26
    -3   -0.424    0.482     -0.672  0.199     0.67     2.18    -0.20     0.26
    -2    0.207   -0.019     -0.718  0.006     0.41    -0.38    -0.16     0.27
     3   -0.111    0.223      0.093  0.199     0.41    -0.38    -0.16     0.27
     1    0.932   -0.231     -2.048  0.010     0.85     2.02    -0.24     0.27
    -3    0.471    0.053     -0.700  0.199     0.85     2.02    -0.24     0.27
     1   -0.245    0.177     -0.470  0.010     0.76    -1.43    -0.18     0.28
     1    0.337    0.147     -0.253  0.010     0.76    -1.43    -0.18     0.28
     2   -0.154   -0.184     -0.126  0.006     0.76    -1.43    -0.18     0.28
    -1   -0.706    0.082     -0.206  0.010     0.12    -0.40    -0.08     0.28
     1    0.001   -0.003      0.000  0.010     0.12    -0.40    -0.08     0.28
    -2    0.330    0.021     -0.735  0.006     1.94     0.24    -0.17     0.29
     1   -0.095   -0.119      0.150  0.010     1.94     0.24    -0.17     0.29
    -2   -0.552    0.806      1.796  0.006     0.89     0.11     0.26     0.31
     2    0.134    0.004      0.043  0.006     0.89     0.11     0.26     0.31
    -1    0.168   -0.172     -0.285  0.010     0.29    -0.42    -0.19     0.32
     2   -0.469    0.212     -0.284  0.006     0.29    -0.42    -0.19     0.32
    -1   -0.377   -0.063      1.539  0.010     1.75     0.23     0.30     0.35
     2   -0.361   -0.136      0.167  0.006     1.75     0.23     0.30     0.35
     1   -0.267    0.162     -0.843  0.010     0.59    -1.44    -0.29     0.38
    -2   -0.383   -0.090     -0.206  0.006     0.59    -1.44    -0.29     0.38
     1   -0.029    0.033      1.052  0.010     0.34    -0.47     0.29     0.38
    -1   -0.133   -0.145     -0.079  0.010     0.34    -0.47     0.29     0.38
     2    0.156    0.221     -0.457  0.006     2.27    -1.35    -0.35     0.40
     1   -0.114    0.278     -0.928  0.010     2.27    -1.35    -0.35     0.40
     1   -0.131   -0.488     -0.836  0.010     2.27    -1.35    -0.35     0.40
    -1   -0.075   -0.500      1.607  0.010     1.78     0.20     0.37     0.41
     1   -0.649   -0.018      1.112  0.010     1.78     0.20     0.37     0.41
     2    0.108    0.202      0.008  0.006     0.68    -0.14     0.05     0.44
    -2    0.193    0.104      0.046  0.006     0.68    -0.14     0.05     0.44
    -1   -0.131    0.135     -0.099  0.010     0.77     0.39    -0.17     0.49
     1   -0.044    0.236     -0.063  0.010     0.77     0.39    -0.17     0.49
    -1    0.137    0.038      0.303  0.010     1.73     0.20     0.39     0.49
     1   -0.458   -0.181      0.537  0.010     1.73     0.20     0.39     0.49
     2    0.288   -0.439     -1.580  0.006     1.06    -0.14    -0.46     0.50
    -1    0.382   -0.457     -1.418  0.010     1.06    -0.14    -0.46     0.50
    -2   -0.077    0.173      0.180  0.006     0.19    -0.19     0.41     0.53
     1   -0.294    0.290      0.601  0.010     0.19    -0.19     0.41     0.53
    -2   -0.406   -0.346     -1.462  0.006     1.75     0.14    -0.47     0.53
     2    0.025   -0.048      0.037  0.006     1.75     0.14    -0.47     0.53
     1   -0.454   -0.188     -2.313  0.010     0.26    -0.53    -0.53     0.56
    -1   -0.281   -0.367     -0.755  0.010     0.26    -0.53    -0.53     0.56
     1   -0.270   -0.119     -1.559  0.010     0.29    -0.37    -0.52     0.57
    -2   -0.086    0.348     -0.342  0.006     0.29    -0.37    -0.52     0.57
    -2    0.054    0.545     -2.255  0.006     0.81     2.09    -0.57     0.60
     3    0.502   -0.155     -1.482  0.199     0.81     2.09    -0.57     0.60
     2    0.384    0.375      1.435  0.006     0.95     0.12     0.57     0.60
    -1   -0.392    0.314      1.766  0.010     0.95     0.12     0.57     0.60
    -3    0.112   -0.136      0.366  0.199     1.15     0.00     0.60     0.67
     2    0.364    0.141      1.071  0.006     1.15     0.00     0.60     0.67
    -1   -0.232   -0.417     -3.709  0.010     0.75    -1.45    -0.72     0.73
    -3    0.090    0.177     -0.590  0.199     0.75    -1.45    -0.72     0.73
    -1   -0.060    0.296     -1.076  0.010     0.75    -1.45    -0.72     0.73
    -2    0.100    0.012     -0.007  0.006     2.31     0.74    -0.13     0.77
     1    0.047    0.150     -0.038  0.010     2.31     0.74    -0.13     0.77
     1   -0.465    0.337     -2.898  0.010     1.80     0.31    -0.77     0.79
     2    0.228   -0.114     -0.950  0.006     1.80     0.31    -0.77     0.79
     2   -0.213    0.022     -0.614  0.006     1.80     0.31    -0.77     0.79
    -2    0.102   -0.121     -0.032  0.006     0.66    -0.99    -0.39     0.81
     2    0.003   -0.098     -0.121  0.006     0.66    -0.99    -0.39     0.81
    -2    0.231   -0.387     -1.463  0.006     0.72    -1.53    -0.80     0.83
     3   -0.472    0.022     -2.451  0.199     0.72    -1.53    -0.80     0.83
     3    0.432    0.223      2.809  0.199     0.97     0.08     0.91     0.92
     1   -0.226    0.694      5.914  0.010     0.97     0.08     0.91     0.92
     2    0.007   -0.099      0.355  0.006     0.97     0.08     0.91     0.92
    -1    0.000   -0.034     -0.101  0.010     1.66    -0.42    -0.49     1.05
     1   -0.049   -0.121     -0.009  0.010     1.66    -0.42    -0.49     1.05
    -2   -0.093   -0.163     -0.116  0.006     1.64    -0.35    -0.71     1.06
     2    0.019   -0.032     -0.106  0.006     1.64    -0.35    -0.71     1.06
    -3    0.344    0.668      3.474  0.199     1.04     0.17     1.04     1.07
     1   -0.043   -0.053      0.312  0.010     1.04     0.17     1.04     1.07
    -3   -0.415    0.276     -1.890  0.199     1.73     0.39    -1.03     1.08
     1    0.104   -0.010     -0.283  0.010     1.73     0.39    -1.03     1.08
    -2   -0.093   -0.006      0.055  0.006     0.06    -1.48    -0.05     1.14
     2   -0.016    0.002     -0.063  0.006     0.06    -1.48    -0.05     1.14
    -1    0.017   -0.125      0.040  0.010     1.85    -0.38     0.28     1.21
     2   -0.021    0.033      0.000  0.006     1.85    -0.38     0.28     1.21
    -1    0.098   -0.243     -0.563  0.010     1.85     0.32    -1.40     1.43
     1   -0.219   -0.104     -2.531  0.010     1.85     0.32    -1.40     1.43
    -2   -0.037    0.008      0.142  0.006     1.57     0.85     1.02     1.55
     1   -0.007    0.078      0.008  0.010     1.57     0.85     1.02     1.55
    -1    0.518    0.078     -4.987  0.010     1.95     0.20    -1.61     1.62
     3    0.253   -0.814    -11.435  0.199     1.95     0.20    -1.61     1.62
     2   -0.047   -0.131     -0.539  0.006     0.48     1.78    -1.63     1.67
    -1   -0.313   -0.238     -1.818  0.010     0.48     1.78    -1.63     1.67
    -2    0.380   -0.102     -1.718  0.006     1.99     0.32    -1.72     1.74
     2   -0.086    0.257     -2.942  0.006     1.99     0.32    -1.72     1.74
    -1   -0.361   -0.052     -1.566  0.010     1.88     0.23    -1.74     1.75
     2    0.381   -0.105     -5.394  0.006     1.88     0.23    -1.74     1.75
     1   -0.235    0.105     -3.327  0.010     0.75     1.95    -1.74     1.76
    -2    0.312   -0.399     -2.737  0.006     0.75     1.95    -1.74     1.76
    -3    0.241   -0.139    -11.162  0.199     2.01     0.48    -1.76     1.76
     1    1.004    0.173    -10.200  0.010     2.01     0.48    -1.76     1.76
    -2    0.032    0.083      0.830  0.006     1.11     0.26     1.75     1.78
     1    0.292    0.445      2.744  0.010     1.11     0.26     1.75     1.78
    -2    0.067   -0.076     -0.327  0.006     2.25    -0.34    -1.55     1.80
     2    0.020   -0.065     -0.032  0.006     2.25    -0.34    -1.55     1.80
    -2    0.388   -0.278     11.410  0.006     1.06     0.00     1.87     1.88
     3    0.617    0.235      5.556  0.199     1.06     0.00     1.87     1.88
    -1   -0.172    0.257     -5.096  0.010     2.26    -1.32    -2.09     2.10
    -2   -0.129   -0.085     -0.353  0.006     2.26    -1.32    -2.09     2.10
    -2    0.211   -0.022     -4.210  0.006     2.26    -1.32    -2.09     2.10
    -1    0.056   -0.003     -0.201  0.010     0.68    -0.55    -2.10     2.13
     2    0.498   -0.226     -3.832  0.006     0.68    -0.55    -2.10     2.13
    -1   -0.044   -0.375     -2.882  0.010     1.83    -0.05    -2.13     2.15
     1   -0.044   -0.201     -0.984  0.010     1.83    -0.05    -2.13     2.15
    -2    0.028   -0.078     -0.279  0.006     2.47    -0.01    -2.09     2.23
     2    0.168   -0.012     -0.405  0.006     2.47    -0.01    -2.09     2.23
    -1    0.013   -0.142      0.561  0.010     0.98     0.12     2.44     2.45
     1    0.103    0.688     10.760  0.010     0.98     0.12     2.44     2.45
     2    0.072   -0.143     -1.582  0.006     1.79     0.27    -2.46     2.46
     2   -0.785   -0.052    -28.770  0.006     1.79     0.27    -2.46     2.46
     1   -0.636    0.161    -10.148  0.010     1.79     0.27    -2.46     2.46
    -2    0.071    0.012     -0.057  0.006     0.99    -0.07    -2.26     2.48
     1    0.043    0.057     -0.369  0.010     0.99    -0.07    -2.26     2.48
    -1   -0.023    0.001     -0.078  0.010     1.18    -1.95    -2.52     2.63
     2    0.164   -0.171     -0.802  0.006     1.18    -1.95    -2.52     2.63
    -1   -0.016    0.058     -0.081  0.010     1.23     0.60    -3.02     3.19
     1   -0.107    0.007     -0.493  0.010     1.23     0.60    -3.02     3.19
    -1   -0.493   -0.167      5.293  0.010     0.87    -0.02     3.38     3.39
     2    0.188    0.110      6.653  0.006     0.87    -0.02     3.38     3.39
    -1    0.122   -0.115      1.764  0.010     1.28    -0.42     4.25     4.29
     1    0.069   -0.131      0.725  0.010     1.28    -0.42     4.25     4.29
     1   -0.222    0.175    -10.402  0.010     0.74    -1.45    -4.36     4.36
     2    0.302   -0.341     -7.609  0.006     0.74    -1.45    -4.36     4.36
     1   -0.307    0.245    -14.974  0.010     0.74    -1.45    -4.36     4.36
    -2   -0.274    0.051      2.363  0.006     0.57     0.08     4.39     4.41
     2   -0.179    0.041      2.797  0.006     0.57     0.08     4.39     4.41
     1    0.255    0.436    -16.379  0.010     0.45    -0.39    -5.09     5.10
     2    0.859   -0.018    -49.591  0.006     0.45    -0.39    -5.09     5.10
     2   -0.163    0.302    -14.393  0.006     0.45    -0.39    -5.09     5.10
    -2    0.831    0.025    -21.095  0.006     0.89    -1.44    -5.92     5.93
     1   -0.008    0.097    -19.007  0.010     0.89    -1.44    -5.92     5.93
     1    0.901   -0.785    -54.224  0.010     1.96     0.41    -6.07     6.07
     2   -0.057   -0.171    -14.340  0.006     1.96     0.41    -6.07     6.07
     3   -0.101    0.030    -13.151  0.199     1.96     0.41    -6.07     6.07
     1    0.699   -0.054    -22.310  0.010     0.81     2.01    -7.54     7.54
     2   -0.183   -0.119    -11.991  0.006     0.81     2.01    -7.54     7.54
     2   -0.013    0.035     -9.825  0.006     0.81     2.01    -7.54     7.54
    -1   -0.352    0.413    -22.070  0.010     0.64     2.19   -12.47    12.47
     1    0.143   -0.034     -8.800  0.010     0.64     2.19   -12.47    12.47
     2   -0.032    0.272    -25.843  0.006     2.25    -1.43   -13.64    13.64
     2   -0.232   -0.509    -34.640  0.006     2.25    -1.43   -13.64    13.64
     1    0.064   -0.189    -15.820  0.010     2.25    -1.43   -13.64    13.64
    -1   -0.030    0.032     -0.537  0.010     0.23     2.23   -16.75    16.76
     1   -0.259    0.079     -9.123  0.010     0.23     2.23   -16.75    16.76
     1   -0.161   -0.269    -21.153  0.010     1.25     0.71   -21.44    21.44
     2    0.001    0.452    -60.318  0.006     1.25     0.71   -21.44    21.44
     1   -0.025   -0.144    -18.524  0.010     1.25     0.71   -21.44    21.44
     1   -0.157    0.056     -8.848  0.010     0.89    -1.42   -22.00    22.00
     2    0.418    0.135    -61.090  0.006     0.89    -1.42   -22.00    22.00
     2   -0.271   -0.079    -30.058  0.006     0.89    -1.42   -22.00    22.00
    -1    0.015    0.091     -3.015  0.010     2.84    -0.93   -22.14    22.16
     2    0.114    0.008     -2.141  0.006     2.84    -0.93   -22.14    22.16
    -1   -0.064    0.087     -4.883  0.010     0.10     2.24   -29.58    29.59
     1   -0.138   -0.022     -4.661  0.010     0.10     2.24   -29.58    29.59
    -1    0.012    0.048     -6.339  0.010    -0.21    -0.19   -81.26    81.27
     1   -0.086   -0.017     -3.845  0.010    -0.21    -0.19   -81.26    81.27
